103,3
103,2
0,9
103,1
103,0
102,52
102,51
102,50
102,49
102,48
102,47
102,46
102,45
102,44
102,43
102,42
102,41
102,40
102,39
102,38
102,37
102,36
102,35
3,2
3,1
3,3
10,229
10,223
10,217
10,79
10,221
10,67
10,169
10,183
10,2
10,3
11,25
11,19
9,5
8,14
8,16
8,4
8,18
8,2
8,3
20,3
20,2
20,1
19,2
19,3
19,1
17,3
17,2
17,1
16,3
16,2
16,1
15,3
15,2
15,1
14,2
13,2
12,3
12,2
12,1
11,29
11,28
11,27
11,26
11,23
11,21
11,20
11,18
11,17
11,15
11,13
11,11
11,10
11,9
11,8
11,5
11,4
11,3
11,2
11,1
10,312
10,302
10,300
